140 1.52 12.9 3.56 1.64 73.1 0.65 7.99 0 0
43 1.52 13.2 3.39 1.33 72.8 0.59 8.59 0 0
7 1.52 13.3 3.6 1.14 73.1 0.58 8.17 0 0
67 1.52 13.1 3.65 0.87 72.2 0.19 9.85 0 0.17
208 1.52 14.4 0 1.82 72.9 1.41 6.47 2.88 0
191 1.52 13.9 1.78 1.79 73.1 0 8.67 0.76 0
193 1.52 14.2 0 2.79 73.5 0.04 9.04 0.4 0.09
42 1.52 12.7 3.42 1.2 73.2 0.59 8.64 0 0
18 1.52 14.4 3.85 0.89 71.4 0.15 9.15 0 0
123 1.52 13.2 3.54 1.48 72.8 0.56 8.1 0 0
181 1.51 14.4 1.74 1.54 74.5 0 7.59 0 0
34 1.52 12.6 3.47 1.38 73.4 0.6 8.55 0 0.06
145 1.52 13 3.18 1.23 73 0.58 8.81 0 0.24
53 1.52 13.4 2.87 1.19 72.8 0.55 9.03 0 0
135 1.52 13.3 3.85 1.25 72.8 0.52 8.12 0 0
163 1.52 14.2 3.78 0.91 71.4 0.23 9.14 0 0.37
97 1.52 13 3.62 1.06 72.3 0.64 9.13 0 0.15
115 1.52 13.1 3.97 1.19 72.4 0.6 8.43 0 0
203 1.52 14.8 0 2.42 73.7 0 8.39 0.56 0
47 1.52 13.2 3.37 1.18 72.7 0.57 8.83 0 0.16
15 1.52 12.6 3.59 1.31 73.3 0.58 8.5 0 0
190 1.52 15.8 1.83 1.31 70.4 0.31 8.61 1.68 0
153 1.52 13.6 3.65 0.65 73 0.06 8.93 0 0
50 1.52 13.6 3.35 1.23 72.1 0.59 8.91 0 0
12 1.52 12.8 3.66 1.27 73 0.6 8.56 0 0
138 1.52 12.9 3.62 1.57 73 0.61 8.11 0 0
103 1.52 12.6 2.76 0.83 73.8 0.35 9.42 0 0.2
22 1.52 14.8 3.75 0.29 72 0.03 9 0 0
150 1.52 12.2 3.52 1.35 72.9 0.57 8.53 0 0
133 1.52 13.4 3.98 1.18 72.5 0.58 8.15 0 0
148 1.52 13.3 3.53 1.34 72.7 0.56 8.33 0 0
17 1.52 12.7 3.67 1.16 73.1 0.61 8.7 0 0
185 1.51 17.4 0 0.34 75.4 0 6.65 0 0
156 1.52 13 3.4 1.26 73 0.52 8.58 0 0
19 1.52 13.9 3.73 1.18 72.1 0.06 8.89 0 0
37 1.52 13.9 3.53 1.32 71.8 0.51 8.78 0.11 0
86 1.52 13.4 3.58 1.49 72.7 0.45 8.21 0 0
23 1.52 12.8 3.62 1.29 72.8 0.59 8.7 0 0
48 1.53 14 3.7 0.71 71.6 0.02 9.82 0 0.1
196 1.52 14.1 0 2.68 73.4 0.08 9.07 0.61 0.05
81 1.52 12.9 3.52 2.12 72.7 0.69 7.97 0 0
151 1.52 13.1 3.45 1.76 72.5 0.6 8.38 0 0.17
167 1.52 11 1.71 1.56 73.4 0.58 11.6 0 0
41 1.52 12.8 3.5 1.12 73 0.64 8.77 0 0
202 1.52 11.9 0 1.19 75.2 2.7 8.93 0 0
137 1.52 13 3.8 1.08 73.1 0.56 8.38 0 0.12
26 1.52 13 3.54 1.21 73 0.65 8.53 0 0
113 1.53 12.6 0 0.67 72 0.06 14.4 0 0
46 1.52 13.5 3.48 1.35 72 0.55 9 0 0
39 1.52 14.2 3.82 0.47 71.8 0.11 9.57 0 0
82 1.52 13.2 3.45 1.43 73.2 0.61 7.86 0 0
107 1.53 10.7 0 2.1 69.8 0.58 13.3 3.15 0.28
98 1.52 12.2 3.25 1.16 73.5 0.62 8.9 0 0.24
36 1.52 13.3 3.45 1.21 72.7 0.56 8.57 0 0
129 1.52 13.6 2.09 1.67 72.2 0.53 9.57 0.27 0.17
173 1.51 13 0 3.02 70.7 6.21 6.93 0 0
32 1.52 12.8 3.5 1.14 73.3 0.56 8.55 0 0
158 1.52 14 3.76 0.58 71.8 0.11 9.65 0 0
143 1.52 12.8 3.51 1.44 73 0.68 8.23 0.06 0.25
105 1.52 13.8 2.9 1.17 71.2 0.08 10.8 0 0
84 1.52 13.1 3.52 1.55 72.9 0.68 8.05 0 0.09
144 1.52 13 3.47 1.79 72.7 0.66 8.18 0 0
136 1.52 13.2 3.9 1.3 72.3 0.55 8.44 0 0.28
189 1.52 14.9 2.2 2.06 70.3 0.76 9.76 0 0
119 1.52 13.3 3.64 1.53 72.5 0.65 8.03 0 0.29
64 1.52 14.2 3.81 0.78 71.3 0 9.69 0 0
52 1.52 13.2 3.33 1.28 72.4 0.6 9.14 0 0.11
184 1.52 14.6 0 0.56 73.5 0 11.2 0 0
149 1.52 13.2 3.57 1.38 72.7 0.56 8.44 0 0.1
179 1.52 14.5 2.24 1.62 72.4 0 9.26 0 0
79 1.52 13.9 3.52 1.25 72.9 0.37 7.94 0 0.14
210 1.52 14.1 0 2.88 72.6 0.08 9.18 1.06 0
157 1.52 13.4 3.39 1.28 72.6 0.52 8.65 0 0
169 1.52 12.9 0 1.83 73.9 0.97 10.2 0 0
44 1.52 13.7 3.84 0.72 71.8 0.17 9.74 0 0
201 1.52 15.2 0 2.25 73.5 0 8.34 0.63 0
21 1.52 12.8 3.55 1.49 72.8 0.54 8.52 0 0.19
5 1.52 13.3 3.62 1.24 73.1 0.55 8.07 0 0
122 1.52 12.9 3.54 1.62 73 0.64 8.03 0 0.21
100 1.52 13 2.96 1.43 72.9 0.6 8.79 0.14 0
75 1.52 13 3.56 1.54 73.1 0.72 7.9 0 0
134 1.52 13.7 3.93 1.54 71.8 0.54 8.21 0 0.15
3 1.52 13.5 3.55 1.54 73 0.39 7.78 0 0
172 1.51 13 0 3.04 70.5 6.21 6.96 0 0
207 1.52 14.9 0 1.87 73.1 0 8.67 1.38 0
74 1.52 13.3 3.57 1.57 72.9 0.61 7.89 0 0
180 1.52 14.1 2.19 1.66 72.7 0 9.32 0 0
200 1.52 15 0 2.51 73 0.05 8.83 0.53 0
142 1.52 13.2 3.63 1.07 72.8 0.57 8.41 0.09 0.17
99 1.52 12.7 2.88 1.71 73.2 0.73 8.54 0 0
49 1.52 13.2 3.77 0.79 72 0.13 10 0 0
68 1.52 13.1 3.65 0.87 72.3 0.19 9.85 0 0.17
89 1.52 13 3.5 1.48 72.9 0.6 8.12 0 0
55 1.52 13.2 2.81 1.29 73 0.51 9.02 0 0.09
168 1.52 12.6 0 1.65 73.8 0.38 11.5 0 0
59 1.52 13.5 3.74 1.17 73 0.59 8.03 0 0
212 1.52 14.4 0 2.02 73.4 0 8.44 1.64 0
108 1.53 12.3 0 1 70.2 0.12 16.2 0 0.24
24 1.52 12.8 3.57 1.35 73 0.62 8.59 0 0
164 1.52 14 2.68 3.5 69.9 1.68 5.87 2.2 0
94 1.52 13.2 3.34 1.47 73.1 0.39 8.22 0 0
124 1.52 13.5 3.48 1.71 72.5 0.62 7.99 0 0
152 1.52 14.3 3.9 0.83 71.5 0 9.49 0 0
186 1.51 13.7 3.2 1.81 72.8 1.76 5.43 1.19 0
45 1.52 12.7 3.43 1.19 73 0.62 8.76 0 0.3
40 1.52 14.2 3.82 0.47 71.8 0.11 9.57 0 0
175 1.52 12.8 1.61 2.17 72.2 0.76 9.7 0.24 0.51
72 1.52 13.6 3.87 1.27 72 0.54 8.32 0 0.32
110 1.52 13.7 0 0.56 74.5 0 11 0 0
87 1.52 13.2 3.49 1.47 73.2 0.38 8.03 0 0
60 1.52 13.4 3.66 1.19 72.8 0.57 8.27 0 0.11
90 1.52 12.6 3.48 1.87 73.2 0.63 8.08 0 0.09
182 1.52 15 0.78 1.74 72.5 0 9.95 0 0
16 1.52 12.8 3.54 1.23 73.2 0.58 8.39 0 0
188 1.52 13.4 3.34 1.23 72.4 0.6 8.83 0 0
88 1.52 13.4 3.49 1.52 72.7 0.67 8.08 0 0.1
176 1.52 13 0.33 1.51 73.4 0.13 11.3 0 0.28
192 1.52 14.8 0 2.38 73.3 0 8.76 0.64 0.09
69 1.52 13.1 3.58 0.9 72.2 0.23 9.82 0 0.16
95 1.52 12.7 3.33 1.49 73.3 0.67 8.24 0 0
125 1.52 13.2 3.68 1.15 72.8 0.54 8.52 0 0
117 1.52 13.2 3.9 1.41 72.3 0.55 8.31 0 0.1
20 1.52 13 3.54 1.69 72.7 0.54 8.44 0 0.07
104 1.53 13.8 3.15 0.66 70.6 0.08 11.6 0 0
116 1.52 13.4 3.89 1.33 72.4 0.51 8.28 0 0
63 1.52 13.5 3.86 0.88 71.8 0.23 9.54 0 0.11
71 1.52 14.9 3.67 1.74 71.9 0.16 7.36 0 0.12
213 1.52 14.4 0 1.94 73.6 0 8.48 1.57 0
2 1.52 13.9 3.6 1.36 72.7 0.48 7.83 0 0
171 1.52 13.4 0 1.58 72.2 0.32 12.2 0 0
161 1.52 13.3 3.34 1.54 72.1 0.56 8.99 0 0
170 1.52 13.3 0 1.76 73 0.47 11.3 0 0
121 1.52 13.2 3.76 1.32 72.4 0.58 8.42 0 0
187 1.52 14.3 3.26 2.22 71.2 1.46 5.79 1.63 0
198 1.52 14.7 0 2.34 73.3 0 8.95 0.66 0
14 1.52 12.9 3.56 1.27 73.2 0.54 8.38 0 0.17
29 1.52 12.6 3.52 1.43 73.2 0.57 8.54 0 0
204 1.52 14.8 0 1.99 73.1 0 8.28 1.71 0
147 1.52 13.7 3.66 1.11 72.8 0.11 8.6 0 0
106 1.52 11.4 0 1.88 72.2 0.81 13.2 0 0.34
78 1.52 13 3.58 1.54 72.8 0.61 8.04 0 0
126 1.52 12.9 3.66 1.56 72.5 0.58 8.55 0 0.12
35 1.52 12.7 3.54 1.34 73 0.57 8.75 0 0
61 1.52 13.6 3.62 1.11 72.6 0.14 8.76 0 0
146 1.52 12.8 3.67 1.24 72.6 0.62 8.68 0 0.35
211 1.52 14.9 0 1.99 73.1 0 8.4 1.59 0
130 1.52 14 1.35 1.63 71.8 0.39 10.6 0 0.18
112 1.53 11 0 0.75 73.1 0 15 0 0
128 1.52 13.8 2.28 1.43 72 0.49 9.85 0 0.17
80 1.52 12.8 3.52 1.9 72.9 0.69 7.97 0 0
194 1.52 14.8 0 2 73 0 8.53 1.59 0.08
58 1.52 12.9 3.48 1.29 73 0.6 8.43 0 0
165 1.52 12.7 1.85 1.86 72.7 0.6 10.1 0 0
162 1.52 13.6 3.54 0.75 72.7 0.16 8.89 0.15 0.24
93 1.52 13.1 3.41 1.58 73.3 0.07 8.39 0 0.19
6 1.52 12.8 3.61 1.62 73 0.64 8.07 0 0.26
28 1.52 12.9 3.48 1.33 73 0.56 8.43 0 0
91 1.52 12.9 3.74 1.11 72.3 0.64 8.96 0 0.22
141 1.52 13.3 3.54 1.61 72.5 0.68 8.11 0 0
111 1.53 11.2 0 0.77 73.2 0 14.7 0 0
195 1.52 14.6 0 1.98 73.3 0 8.52 1.57 0.07
85 1.51 14.2 3.09 2.08 72.3 1.1 7.08 0 0
118 1.52 13.7 3.68 1.81 72.1 0.64 7.88 0 0
154 1.52 13.4 3.4 1.22 72.7 0.59 8.32 0 0
57 1.51 13 3.47 1.12 73 0.62 8.35 0 0.31
56 1.52 12.4 2.71 1.29 73.7 0.56 9.06 0 0.24
96 1.52 13.4 3.43 1.43 72.3 0.51 8.6 0 0
166 1.52 11.6 1.88 1.56 72.9 0.47 11.4 0 0
1 1.52 13.6 4.49 1.1 71.8 0.06 8.75 0 0
120 1.52 13.6 3.57 1.47 72.5 0.64 7.96 0 0
65 1.52 13.5 3.74 0.9 72 0.18 9.61 0 0.07
209 1.52 14.4 0 2.74 72.8 0 9.45 0.54 0
102 1.52 12.3 2.72 1.63 72.9 0.7 9.23 0 0
83 1.52 13.4 3.55 1.25 72.8 0.68 8.1 0 0
92 1.52 12.9 3.44 1.45 73.1 0.44 8.27 0 0
205 1.52 14.9 0 2.27 73.3 0 8.71 0.67 0
199 1.52 14.4 0 2.66 73.1 0.04 9.08 0.64 0
183 1.52 14.2 0 2.09 72.7 0 10.9 0 0
127 1.52 12.9 3.61 1.26 72.8 0.56 8.6 0 0
33 1.52 12.8 3.48 1.23 73 0.61 8.56 0.09 0.22
114 1.52 13.5 3.83 1.26 72.5 0.57 8.21 0 0.14
62 1.52 13.8 3.58 1.32 71.7 0.12 8.67 0.69 0
76 1.52 13 3.58 1.51 73.1 0.69 7.96 0 0
139 1.52 12.8 3.52 1.54 73.4 0.66 7.9 0 0
11 1.52 12.7 3.46 1.56 73.2 0.67 8.09 0 0.24
51 1.52 13.7 3.72 0.51 71.8 0.09 10.1 0 0.16
73 1.52 13.1 3.59 1.52 73.1 0.67 7.83 0 0
174 1.52 13.4 0 1.4 72.2 0.33 12.5 0 0
10 1.52 13 3.6 1.36 73 0.57 8.4 0 0.11
8 1.52 13.2 3.61 1.05 73.2 0.57 8.24 0 0
70 1.52 13.3 3.58 0.82 72 0.12 10.2 0 0.03
30 1.52 13.1 3.49 1.28 72.9 0.6 8.49 0 0
178 1.52 13.8 2.41 1.19 72.8 0 9.77 0 0
9 1.52 14 3.58 1.37 72.1 0.56 8.3 0 0
25 1.52 13.4 3.5 1.15 72.8 0.5 8.43 0 0
31 1.52 12.7 3.56 1.3 73.1 0.61 8.69 0 0.14
101 1.52 12.8 2.85 1.44 73.3 0.57 8.79 0.11 0.22
159 1.52 13.5 3.41 1.52 72 0.58 8.79 0 0
206 1.52 14.9 0 1.8 73 0 8.61 1.55 0
54 1.52 13.1 2.84 1.28 72.8 0.55 9.07 0 0
109 1.52 14.4 0 1 72.7 0.1 11.5 0 0.08
77 1.52 13.4 3.61 1.54 72.4 0.66 8.03 0 0
131 1.52 13.8 1.01 1.36 72.2 0.33 11.1 0 0
132 1.53 13.7 0 1.36 71.2 0.19 13.4 0 0.1
4 1.52 13.2 3.69 1.29 72.6 0.57 8.22 0 0
38 1.52 12.7 3.48 1.35 73 0.64 8.68 0 0
27 1.52 13.2 3.48 1.41 72.6 0.59 8.43 0 0
155 1.52 12.9 3.58 1.31 72.6 0.61 8.79 0 0
66 1.52 13.7 3.59 1.12 72 0.09 9.4 0 0
160 1.52 13.5 3.36 1.63 71.9 0.57 8.81 0 0.09
214 1.52 14.2 0 2.08 73.4 0 8.62 1.67 0
197 1.52 13.9 0 2.54 73.2 0.14 9.41 0.81 0.01
13 1.52 12.9 3.43 1.4 73.3 0.69 8.05 0 0.24
177 1.52 14 2.39 1.56 72.4 0 9.57 0 0
